"V1" "V2" "V3" "V4" "V5" "V6" "V7" "V8" "V9" "V10" "V11" "V12" "V13" "V14" "V15" "V16" "V17" "V18" "V19" "V20" "V21" "V22" "V23" "V24" "V25" "V26" "V27" "V28" "V29" "V30" "V31" "V32" "V33" "V34" "V35" "V36" "V37" "V38" "V39" "V40" "V41" "V42" "V43" "V44" "V45" "V46" "V47" "V48" "V49" "V50" "V51" "V52" "V53" "V54" "V55" "V56" "V57" "V58" "V59" "V60"
"1" 1 1 1 0 1 0 1 0 0 1 1 0 1 0 1 0 1 0 0 0 0 1 1 1 0 0 1 0 1 1 1 1 1 1 1 0 1 0 1 1 1 1 0 0 1 1 0 0 0 1 1 1 0 0 1 1 1 0 1 1
"2" 0 0 0 1 1 0 0 0 0 0 1 0 1 0 0 1 1 1 0 0 0 0 0 0 1 0 0 0 0 1 1 0 0 0 0 0 1 0 0 1 1 0 0 0 1 0 0 0 0 1 1 0 0 1 1 0 0 0 1 1
"3" 0 0 0 0 0 0 1 0 1 0 0 0 0 1 0 0 0 0 0 0 0 0 0 0 0 0 0 0 0 1 1 0 0 0 0 0 0 0 0 0 0 0 0 0 0 0 0 0 0 0 0 1 0 0 0 0 0 0 0 0
"4" 0 0 1 0 1 0 1 1 0 1 0 1 1 0 1 0 0 1 0 1 1 1 0 0 1 0 0 1 0 0 0 0 1 0 0 0 1 0 1 0 1 0 1 1 0 1 0 0 0 1 0 0 1 1 0 1 0 0 0 0
"5" 0 0 0 0 0 0 0 0 0 0 1 0 0 1 0 0 0 0 0 0 0 1 1 0 0 0 0 0 0 1 0 0 1 0 0 0 1 0 0 0 0 0 0 0 1 0 0 1 1 0 1 0 0 0 0 0 0 1 0 0
"6" 1 0 1 1 0 0 0 1 1 1 1 0 1 1 0 1 0 1 0 1 0 1 1 1 0 0 1 0 1 0 0 1 0 0 0 0 0 0 1 0 0 0 0 0 1 1 1 0 1 0 1 1 0 1 0 1 0 0 0 0
"7" 0 0 0 1 0 1 0 1 0 0 1 1 0 1 0 1 0 0 1 1 1 1 0 0 1 0 1 0 1 0 1 1 1 0 0 1 1 1 1 1 0 1 1 1 0 0 0 0 0 1 1 0 0 1 1 0 0 1 1 1
"8" 0 0 1 0 1 0 0 1 1 0 1 0 0 0 0 0 0 1 0 0 0 0 0 1 0 1 1 0 0 0 1 0 0 0 0 0 0 0 1 1 0 1 0 0 1 0 1 0 0 1 1 0 0 0 0 0 1 0 1 0
"9" 1 1 1 1 1 1 1 1 0 0 0 1 1 1 0 1 1 0 0 0 0 1 0 1 1 1 1 0 1 1 1 1 1 1 1 0 1 1 0 1 1 0 0 0 1 1 1 1 1 1 1 1 1 1 0 1 1 0 1 0
"10" 0 0 0 0 0 0 0 0 0 0 0 0 0 0 0 0 0 0 0 0 1 0 1 0 0 0 0 0 0 1 0 0 1 0 0 0 0 0 0 1 1 0 0 0 0 0 0 0 0 0 1 0 1 0 0 0 0 1 0 0
"11" 0 0 0 0 0 0 0 0 0 0 0 0 0 0 0 0 0 1 0 0 0 0 0 0 0 0 0 0 1 0 0 0 0 0 0 0 0 0 0 0 0 0 1 0 0 0 0 0 0 0 0 0 0 0 0 0 0 0 0 0
"12" 0 0 0 0 0 0 0 0 0 0 0 0 0 0 0 0 0 0 0 0 0 0 0 0 0 0 0 1 0 0 0 0 0 0 0 0 0 0 0 0 0 0 0 0 0 0 0 0 0 0 0 1 0 0 0 0 0 0 1 0
"13" 0 0 0 1 0 0 0 1 0 1 0 0 0 0 0 1 1 0 1 0 1 0 1 0 0 1 1 0 0 1 0 0 0 1 1 1 0 0 1 0 0 1 0 1 0 1 0 0 1 1 0 0 0 1 1 0 1 0 1 0
"14" 0 0 0 0 0 1 0 0 0 0 1 0 0 0 1 1 1 0 0 0 0 1 1 0 1 0 1 1 1 0 0 1 1 0 0 0 0 1 0 0 1 1 1 1 0 0 1 0 1 0 0 0 0 0 0 1 0 1 0 1
"15" 1 0 0 0 0 0 0 0 0 0 0 0 0 0 1 0 0 0 0 0 0 0 0 0 0 0 0 0 0 0 0 0 1 0 0 0 0 0 0 0 0 0 0 0 0 0 0 0 0 0 0 0 0 0 0 0 0 0 0 0
"16" 1 0 0 0 0 0 0 0 1 1 1 0 0 1 0 1 1 1 0 1 1 1 1 1 0 0 0 0 0 0 0 1 1 1 1 1 0 0 1 0 0 0 0 0 0 1 0 0 1 0 0 1 0 0 0 0 0 0 1 1
"17" 0 0 1 0 0 0 1 1 0 0 0 0 0 0 0 0 0 0 0 1 0 0 1 0 0 0 0 1 0 0 0 0 0 0 0 1 1 0 0 1 1 0 1 1 1 0 0 0 0 0 0 1 0 1 0 0 0 1 0 0
"18" 0 0 1 1 1 0 0 0 0 1 0 0 0 0 0 0 1 0 0 1 0 0 0 0 0 0 0 1 1 1 0 0 0 0 1 0 1 0 1 0 0 0 0 1 1 1 1 0 0 0 1 0 0 0 1 0 0 0 0 0
"19" 0 0 0 0 0 0 0 0 0 0 0 0 1 1 0 1 0 1 0 0 0 0 0 1 0 0 1 0 0 0 1 0 1 0 0 1 1 0 1 0 0 1 0 0 0 0 1 0 0 0 1 0 0 0 1 0 0 0 0 0
"20" 1 0 1 0 0 1 0 0 0 0 0 0 0 0 0 0 0 0 0 0 0 0 0 0 0 0 0 0 0 0 0 0 0 0 0 0 0 0 0 0 0 0 0 0 0 0 0 0 0 0 0 0 0 0 0 0 0 0 0 0
"21" 1 1 1 1 1 1 1 1 1 1 0 1 0 1 0 1 0 1 1 0 1 1 1 1 1 1 1 1 1 1 0 0 0 1 1 1 1 1 0 0 1 1 0 0 1 1 1 1 1 1 1 0 1 1 1 1 1 1 0 1
"22" 0 0 0 1 0 0 1 0 1 0 0 0 1 1 1 0 0 0 1 1 0 0 0 0 0 1 0 0 0 0 1 1 0 1 0 0 0 0 0 0 0 1 0 0 0 1 0 0 0 0 0 0 0 0 1 1 0 1 1 0
"23" 0 0 0 1 1 0 0 0 0 0 1 1 1 0 0 1 0 0 1 0 0 0 1 0 0 1 1 0 1 0 0 1 1 0 0 0 0 1 1 0 0 0 0 1 0 0 1 1 0 1 1 0 1 1 0 0 1 1 0 0
"24" 1 0 0 1 0 0 0 0 0 1 0 0 0 0 0 0 0 0 0 0 0 0 0 0 0 0 0 0 0 0 0 0 0 0 0 0 0 0 0 0 0 0 0 0 0 0 0 0 0 0 0 0 0 0 0 0 0 0 0 0
"25" 1 0 0 1 1 0 0 1 0 0 1 0 0 0 1 0 0 0 0 0 0 0 1 0 0 0 1 1 0 1 0 0 1 1 0 0 0 1 0 1 0 1 1 1 1 0 0 1 0 1 0 0 1 0 0 0 0 0 0 0
"26" 0 0 0 0 0 1 0 0 0 0 0 0 0 0 0 0 1 0 0 0 0 0 0 1 0 0 0 0 0 0 0 0 0 0 0 0 0 0 0 0 1 0 0 0 0 0 0 0 0 0 0 0 0 0 0 0 0 0 0 0
"27" 1 0 0 0 1 1 1 1 1 0 1 1 0 0 1 0 1 1 1 0 0 1 1 0 1 1 1 0 1 1 1 1 1 1 1 1 0 0 0 1 1 0 0 0 1 0 0 1 1 0 1 1 0 1 1 1 0 1 0 1
"28" 0 0 1 1 1 1 1 1 1 1 1 1 1 0 1 0 1 0 0 1 1 1 0 1 1 1 1 1 0 1 0 1 1 1 0 1 1 1 0 1 0 0 0 1 0 1 1 0 0 0 1 0 1 0 0 1 1 1 1 0
"29" 0 1 1 1 0 1 0 0 1 0 0 1 0 0 0 1 0 0 1 0 1 0 0 0 1 1 0 0 0 0 0 0 0 1 0 0 0 0 0 0 0 1 1 0 1 0 1 0 0 0 0 0 1 0 0 1 0 1 1 1
"30" 0 0 0 0 1 0 0 0 1 0 1 0 0 0 0 0 1 1 0 0 0 0 0 0 1 0 0 0 0 1 0 1 0 0 0 0 0 0 0 0 0 0 0 0 0 0 0 0 0 0 0 0 0 0 1 0 0 1 0 0
"31" 0 0 0 0 0 0 0 0 0 0 0 0 0 0 0 0 0 0 0 0 0 0 0 0 0 0 0 0 0 0 0 0 0 0 0 0 0 0 0 0 0 0 0 0 0 0 0 0 0 0 0 0 0 0 0 0 0 0 0 0
"32" 0 1 0 1 0 0 1 0 0 0 0 0 0 0 0 0 0 0 0 0 0 0 0 1 0 0 1 1 0 0 0 0 0 0 0 1 0 0 1 1 0 0 0 0 0 0 0 0 0 0 0 0 1 0 0 0 0 0 0 1
"33" 1 0 0 1 0 0 0 0 1 0 1 0 1 1 1 0 0 0 0 1 0 1 0 1 0 1 0 0 0 1 0 0 1 1 0 0 0 0 0 1 1 0 0 0 1 0 1 1 0 0 1 1 0 0 0 1 0 1 0 0
"34" 1 0 1 0 1 1 1 1 0 0 0 0 1 0 1 0 0 0 1 0 0 1 0 0 1 0 1 0 0 1 1 1 1 0 1 1 1 0 0 0 1 0 0 0 1 1 1 1 1 1 0 1 0 0 1 0 1 0 0 0
"35" 1 0 1 1 1 1 0 1 1 1 0 1 1 1 1 1 1 1 1 0 0 0 0 1 1 1 1 1 1 1 1 1 0 0 1 1 1 0 0 1 0 1 1 1 0 1 1 1 1 1 1 0 0 0 0 0 1 0 1 1
"36" 1 0 0 0 0 0 1 1 1 0 1 0 1 1 1 1 1 1 1 1 0 1 0 1 0 1 1 1 0 1 1 1 0 0 1 0 1 1 1 1 1 0 1 0 1 1 1 0 1 0 0 1 1 1 1 1 1 1 1 0
"37" 0 1 0 0 0 0 0 0 0 0 0 0 0 0 0 0 0 0 0 0 0 0 0 0 1 0 0 0 1 0 0 0 0 0 0 0 0 1 1 0 0 0 0 0 1 0 0 0 0 0 0 0 0 0 0 0 0 0 0 0
"38" 0 0 0 0 0 0 0 1 0 0 0 0 0 0 0 0 0 0 0 0 0 0 0 0 0 0 0 1 0 0 0 0 0 0 0 0 1 0 0 0 0 0 0 1 0 0 0 1 0 0 0 0 0 0 0 0 0 0 1 0
"39" 0 0 1 1 0 0 1 0 0 1 0 0 1 1 0 1 1 1 0 0 1 1 0 1 0 0 0 1 1 1 0 1 0 1 1 1 0 0 0 0 0 1 1 1 0 0 0 1 1 1 1 1 0 1 0 1 0 1 0 1
"40" 1 1 1 0 0 0 1 1 1 1 1 1 0 1 0 1 1 1 0 1 0 1 1 0 1 0 1 1 1 0 1 0 1 1 0 0 1 1 1 1 0 1 1 1 1 1 1 0 0 0 0 1 1 1 0 0 1 0 1 0
"41" 0 1 0 1 1 1 0 1 0 1 0 0 0 0 1 1 1 1 0 1 1 1 1 0 1 1 1 1 1 1 0 1 1 0 1 1 0 0 1 0 0 1 1 0 1 1 1 1 1 0 1 1 0 1 1 1 0 1 1 1
"42" 1 1 0 1 1 0 1 1 0 0 0 1 1 1 1 0 1 1 0 0 1 0 0 1 0 1 1 1 1 0 1 1 0 0 0 1 1 0 0 0 0 0 0 0 0 0 0 0 0 1 1 1 1 0 1 0 0 0 1 0
"43" 1 0 1 0 1 0 0 1 1 1 1 1 0 0 1 1 1 0 0 0 0 0 1 0 0 1 0 0 0 1 1 1 0 0 1 1 0 0 1 1 0 0 0 0 0 0 0 1 1 0 0 0 1 1 1 0 0 0 1 0
"44" 0 0 0 0 0 0 0 0 0 0 0 0 0 0 0 0 0 0 0 0 0 0 0 0 0 0 0 0 0 0 0 0 0 0 0 0 0 0 0 0 0 0 0 0 0 0 0 0 0 0 0 0 0 0 0 0 0 0 0 0
"45" 0 0 0 0 0 0 0 0 1 0 0 0 0 0 0 0 0 0 0 0 0 0 0 0 0 0 0 0 0 0 0 0 0 0 0 0 0 0 0 0 0 0 0 0 0 0 0 0 0 0 0 0 0 0 0 0 0 0 0 0
"46" 0 1 1 0 0 0 0 0 1 0 0 0 0 0 0 0 0 0 0 1 0 0 0 0 1 0 0 0 1 1 1 1 0 1 1 0 0 1 0 0 0 1 1 1 1 0 0 0 0 0 0 0 0 0 1 1 0 1 0 0
"47" 0 0 1 0 1 0 0 1 0 0 0 0 1 1 0 1 1 0 0 0 1 0 0 0 0 0 1 0 0 0 0 1 1 0 0 0 0 1 0 0 0 1 1 0 0 1 0 1 1 0 0 0 1 0 0 1 1 1 0 0
"48" 0 0 0 0 0 1 0 0 0 0 0 0 0 1 0 1 0 0 0 0 0 1 1 1 0 0 0 0 1 0 0 1 0 0 0 1 0 0 0 0 0 0 0 0 0 0 0 0 0 0 0 0 0 0 0 0 0 0 1 0
"49" 1 0 1 0 0 0 1 1 0 0 1 1 1 1 0 0 1 1 0 0 0 1 1 0 1 1 1 1 1 0 0 1 0 0 1 0 0 1 1 1 0 1 1 0 1 1 1 1 1 0 1 0 0 1 1 1 0 0 1 1
"50" 1 0 0 0 1 0 1 0 0 1 0 0 0 0 1 0 0 1 0 0 0 1 1 1 1 0 1 0 0 1 0 0 0 0 1 0 0 0 0 0 1 0 0 0 0 0 1 1 0 0 0 1 0 0 1 0 0 0 0 0
"51" 0 0 0 0 0 0 0 0 0 0 0 1 0 1 0 0 0 0 0 0 0 0 0 0 0 0 1 0 0 1 1 0 1 0 0 1 0 0 0 0 0 0 0 0 0 1 0 0 0 0 0 1 0 0 1 0 0 0 0 1
"52" 1 1 0 0 0 0 1 1 0 1 0 1 1 0 0 1 0 0 0 1 1 0 0 1 0 0 1 0 0 0 1 0 0 0 0 1 0 0 0 0 1 0 0 0 0 0 1 0 1 1 0 0 1 0 1 0 1 0 1 1
"53" 1 1 1 0 0 1 0 1 1 0 0 1 0 0 0 1 0 1 1 1 0 1 1 1 1 0 0 1 0 1 0 0 0 0 0 1 0 0 0 1 1 1 0 0 1 0 1 0 1 1 0 1 1 0 0 0 0 1 0 0
"54" 0 0 0 0 0 0 0 0 0 0 0 0 0 0 0 0 0 0 0 0 0 0 0 0 0 0 0 0 0 0 0 0 0 0 0 0 0 0 0 0 0 0 0 0 0 0 0 0 0 0 0 0 0 0 0 1 0 0 1 0
"55" 0 0 0 0 1 0 0 0 0 0 0 1 0 0 0 0 0 0 0 0 0 1 0 0 0 1 1 0 1 0 0 1 0 0 0 0 0 1 0 0 1 0 0 0 0 1 0 1 0 0 0 0 0 0 1 0 1 0 0 0
"56" 1 1 0 0 1 1 0 1 0 0 1 1 1 1 1 1 0 1 1 1 1 1 1 1 1 1 0 0 1 1 0 0 1 1 1 0 1 1 1 1 1 0 1 0 1 1 1 0 1 1 1 0 0 1 1 1 0 0 0 1
"57" 1 0 1 0 0 0 0 1 0 1 0 1 0 0 0 1 1 1 1 0 0 0 1 1 0 1 0 0 0 0 1 0 1 1 0 1 1 0 0 1 0 0 0 1 0 1 0 0 1 1 0 0 1 0 1 1 0 0 0 1
"58" 0 0 0 1 1 0 0 0 0 0 0 0 0 0 0 0 0 0 0 1 0 0 0 0 1 0 0 0 0 0 0 0 0 0 0 1 0 0 0 0 0 0 1 0 0 0 1 0 0 0 0 0 0 1 0 0 0 0 0 0
"59" 0 1 0 0 0 0 0 1 0 0 0 0 0 0 0 0 0 0 0 1 1 0 0 0 0 1 0 0 0 1 0 0 0 1 0 0 1 0 0 0 0 0 0 0 0 0 0 0 0 1 0 1 0 0 0 0 1 0 0 0
"60" 0 1 0 1 0 0 0 0 1 1 0 0 1 0 0 0 1 0 0 0 0 0 1 0 0 0 0 0 0 0 0 0 0 0 1 0 0 1 0 0 0 1 0 1 1 0 1 0 0 0 1 0 1 1 1 0 0 0 0 0
"61" 0 0 1 0 0 0 0 1 0 0 0 0 0 0 0 0 0 0 0 0 1 0 0 1 0 0 0 0 0 1 0 0 0 0 0 0 0 0 0 0 0 0 1 0 0 0 0 0 0 1 0 0 0 0 0 1 0 0 0 1
"62" 0 0 1 1 0 1 1 0 1 1 1 0 1 1 1 1 0 0 0 1 1 1 1 1 0 0 0 1 1 1 0 0 1 1 0 1 1 1 0 1 1 1 1 0 0 1 0 1 1 0 1 1 1 1 0 1 1 0 1 0
"63" 0 0 0 0 0 0 0 0 0 0 0 0 0 0 0 0 0 0 0 0 0 0 0 0 0 0 0 0 0 0 0 0 0 1 0 1 1 0 0 0 0 0 0 0 0 0 0 0 0 0 0 0 0 0 0 0 0 0 0 0
"64" 0 0 1 0 1 1 0 0 1 1 0 0 1 0 1 0 1 1 1 0 1 0 0 1 1 0 0 1 0 0 0 1 1 0 1 0 0 0 0 1 1 1 1 0 1 0 0 1 0 1 0 1 0 0 0 1 0 1 1 1
"65" 1 0 1 0 0 0 1 1 0 0 1 1 0 0 1 1 0 0 1 0 1 0 1 0 0 1 0 1 0 1 0 0 0 1 0 0 0 0 0 0 0 1 0 0 1 0 0 1 1 1 0 0 0 0 0 1 1 1 1 1
"66" 0 0 0 0 0 0 0 0 0 0 0 0 0 0 0 0 0 0 0 0 0 0 0 0 1 0 1 0 0 0 0 1 0 0 0 1 0 1 0 0 0 0 0 0 0 1 0 0 1 0 0 0 0 1 0 0 0 0 0 1
"67" 0 0 0 1 0 0 0 0 0 0 0 0 1 0 1 0 1 0 0 0 0 0 0 0 0 1 1 0 0 0 0 0 1 0 0 0 0 1 1 1 1 0 0 0 0 0 1 0 0 1 0 0 0 0 1 0 1 0 0 1
"68" 0 1 1 1 0 1 1 0 0 1 0 1 1 1 0 0 1 0 1 0 0 1 1 1 1 0 0 0 1 1 0 1 1 1 1 0 1 1 0 0 0 1 1 1 0 0 1 1 1 0 1 1 1 1 1 1 0 0 1 0
"69" 0 0 0 0 0 0 0 0 0 0 0 0 0 0 0 0 0 0 0 0 0 1 1 0 0 0 0 0 0 0 0 0 0 0 1 0 0 1 0 1 0 0 0 0 1 0 0 1 0 0 0 0 0 0 1 0 0 0 0 0
"70" 0 0 1 0 0 0 0 0 0 0 0 0 0 0 0 0 0 0 0 0 0 0 0 0 0 1 0 0 0 0 0 0 0 0 0 0 0 1 0 0 0 0 0 0 0 0 0 0 0 0 0 0 0 0 0 0 0 1 0 0
"71" 0 0 0 1 0 0 0 0 1 0 1 1 0 0 0 0 0 0 0 0 0 0 0 0 0 1 0 0 0 0 0 0 0 0 1 0 1 1 0 0 0 0 0 0 0 0 1 0 1 0 1 0 0 0 0 0 0 0 1 1
"72" 1 1 1 0 1 1 1 1 1 1 1 1 1 1 0 0 1 1 1 0 0 1 1 1 0 1 0 1 0 1 1 1 1 1 1 1 1 1 0 1 0 0 1 1 1 1 1 0 1 1 0 1 1 1 1 1 1 1 1 0
"73" 0 0 0 0 0 0 0 0 0 0 0 0 0 0 0 0 0 0 0 0 0 0 0 0 1 0 0 0 0 0 0 0 0 0 0 0 0 0 0 0 0 0 0 0 0 0 0 0 0 0 0 0 1 0 0 0 0 0 0 0
"74" 0 0 0 0 0 0 1 0 0 0 0 1 0 0 0 0 0 0 0 0 0 0 0 0 0 0 0 0 1 0 0 0 0 0 0 0 0 1 0 0 1 0 1 0 0 0 0 0 1 1 0 0 0 1 0 0 0 0 0 0
"75" 0 1 0 0 1 0 1 0 0 1 0 1 0 1 1 0 0 0 1 1 1 1 0 1 1 0 1 1 0 1 1 1 1 0 0 1 1 0 0 1 0 1 1 0 1 0 1 1 1 0 0 0 1 0 1 1 0 1 0 0
"76" 0 0 0 0 0 0 0 0 0 0 0 0 1 1 0 0 0 0 0 0 0 1 0 0 0 0 0 0 0 0 1 1 0 0 0 0 0 0 0 0 0 0 0 0 0 0 0 1 0 0 0 1 0 0 0 0 1 0 0 1
"77" 1 0 0 1 1 1 1 0 1 0 1 0 0 1 1 0 0 0 0 1 1 0 0 1 1 0 1 1 1 0 1 0 0 0 1 1 1 0 0 1 1 0 0 1 1 0 1 1 0 1 1 0 0 0 0 0 1 1 0 0
"78" 0 0 0 0 0 0 0 0 1 1 1 1 1 1 0 1 1 0 0 1 0 0 1 1 1 1 1 1 1 0 1 0 1 1 1 1 1 1 1 0 0 0 0 1 0 1 1 1 0 0 1 1 0 1 1 1 1 1 0 0
"79" 0 1 0 0 1 1 1 1 1 0 0 0 0 1 0 1 0 0 0 1 0 0 0 1 0 1 1 1 1 1 0 0 1 0 1 0 0 0 1 0 0 0 0 0 0 1 0 0 0 0 0 1 0 0 0 0 1 0 1 1
"80" 0 0 0 0 1 0 0 0 0 0 0 0 0 0 0 0 0 0 0 1 0 0 0 0 0 0 0 0 0 0 0 0 0 0 0 0 0 0 0 0 0 0 0 0 0 0 0 0 0 0 0 0 0 0 0 0 0 0 0 0
"81" 0 0 0 0 0 0 0 0 0 0 0 0 0 0 0 0 0 0 0 0 0 0 0 0 0 1 1 0 0 0 0 0 0 0 0 0 0 0 0 0 0 0 0 0 0 0 0 0 1 0 0 0 0 0 0 0 0 1 0 0
"82" 0 0 1 0 1 0 0 1 1 0 1 1 0 0 1 0 1 0 0 0 1 0 0 0 0 1 1 1 0 1 0 1 0 0 0 1 1 0 1 1 1 1 0 1 0 0 1 0 0 1 1 0 0 1 0 0 1 0 0 0
"83" 0 0 0 0 0 0 0 0 0 1 0 0 0 0 1 0 1 0 1 0 0 0 1 0 0 0 1 1 1 0 0 0 0 0 1 0 1 0 0 1 0 1 0 0 1 1 0 1 1 1 1 0 0 1 0 1 1 1 0 1
"84" 1 1 0 0 1 1 1 0 0 1 1 0 1 1 0 1 0 0 0 0 1 1 0 1 0 0 1 0 0 1 0 1 1 0 1 0 1 1 1 1 1 1 1 0 1 0 0 0 1 1 1 1 1 1 0 0 1 0 0 1
"85" 1 0 1 0 0 1 1 1 0 0 1 0 0 1 1 1 1 0 1 1 1 1 1 1 1 1 0 0 0 1 0 0 1 1 1 0 1 0 0 1 0 0 1 0 0 0 0 1 1 1 0 1 1 0 1 0 1 1 0 0
"86" 1 0 0 0 1 0 0 0 0 1 0 1 0 1 1 0 1 0 1 1 0 0 0 0 0 0 0 0 0 0 0 1 1 0 0 0 0 0 1 0 1 0 0 0 0 0 0 0 1 0 1 0 1 0 0 0 0 0 1 1
"87" 0 1 1 0 0 1 0 1 0 1 0 1 0 0 1 1 1 0 0 0 1 0 0 1 0 0 0 0 1 0 1 1 0 1 0 1 0 0 1 0 0 0 0 0 0 0 1 1 0 1 1 0 0 1 0 1 1 1 1 1
"88" 0 1 0 1 0 1 0 0 0 0 1 1 1 0 0 0 0 0 1 0 0 0 1 0 0 0 1 1 0 1 1 0 0 0 0 1 1 0 1 0 1 0 0 0 0 0 1 1 0 1 0 1 1 0 0 0 1 0 0 0
"89" 1 0 0 0 0 1 1 0 0 0 0 0 0 1 0 0 0 0 1 0 1 0 0 0 0 1 0 0 0 0 1 1 0 0 0 0 0 0 0 0 0 0 0 0 0 1 0 0 1 0 0 1 0 0 0 0 1 0 1 0
"90" 0 0 0 0 0 0 0 1 0 0 0 0 0 0 0 1 0 0 0 1 0 1 0 0 0 0 0 0 0 0 0 0 0 1 1 0 0 0 0 0 0 0 1 0 0 1 0 0 0 0 1 0 0 1 0 0 0 0 1 0
"91" 0 0 0 0 0 0 0 0 0 1 0 0 0 0 0 1 0 0 0 0 0 0 1 0 0 0 0 0 0 0 0 0 0 0 0 0 0 0 0 0 0 0 0 0 0 0 0 0 0 0 0 0 0 0 0 0 0 0 0 0
"92" 1 1 0 0 0 0 0 0 0 1 0 0 0 0 0 1 0 0 0 0 0 0 0 0 1 0 0 0 1 0 0 0 0 1 0 0 0 1 0 0 0 0 0 0 0 0 0 0 0 1 0 1 1 0 0 0 1 0 0 0
"93" 1 1 0 0 1 0 1 1 0 1 0 0 1 1 1 1 1 0 1 0 1 1 1 0 0 0 0 0 1 1 0 1 1 0 1 0 1 1 1 0 0 1 1 0 1 0 0 1 1 1 1 1 1 1 1 1 0 1 1 1
"94" 0 0 0 0 0 1 0 0 0 0 0 0 0 0 0 0 0 0 0 0 0 0 0 0 0 0 0 0 0 0 0 1 0 0 0 0 0 1 0 0 0 0 0 0 0 0 0 0 0 0 0 0 0 0 0 0 1 0 0 0
"95" 0 1 0 0 0 1 0 1 0 1 1 0 0 0 0 0 0 0 0 1 0 1 1 0 1 0 0 1 0 1 0 0 1 0 0 0 0 0 0 0 0 0 1 1 0 0 0 1 0 1 0 0 1 0 0 0 0 0 0 0
"96" 0 1 0 0 0 1 1 0 0 0 0 1 0 0 0 1 1 0 1 1 0 0 1 1 1 0 1 0 1 0 0 0 1 1 1 0 0 0 1 1 1 0 0 1 0 0 1 0 1 1 0 1 0 0 0 0 1 1 1 0
"97" 0 1 1 1 1 1 1 0 0 0 1 1 0 1 1 1 1 1 1 0 0 1 0 0 1 1 1 0 1 1 1 1 1 0 1 1 1 1 1 1 0 0 1 1 1 1 0 1 1 1 1 1 1 1 1 1 1 0 1 0
"98" 0 1 0 0 0 0 0 0 0 0 1 1 1 0 0 1 0 0 0 0 0 0 0 0 0 0 0 0 0 0 0 0 0 0 1 0 0 0 1 0 1 1 0 1 0 0 1 0 0 0 1 0 0 0 0 0 0 1 0 1
"99" 1 0 1 0 0 1 0 0 0 1 0 0 0 1 1 1 1 1 0 0 0 0 0 0 1 0 0 1 0 1 0 0 1 1 1 1 0 0 0 0 0 0 1 1 0 1 0 0 1 0 0 1 1 1 0 0 0 1 0 1
"100" 0 0 0 0 0 0 0 0 0 0 0 0 0 0 0 0 0 0 0 0 0 0 0 0 0 0 0 0 0 0 0 0 0 0 0 0 0 0 0 0 0 0 0 0 0 0 0 0 0 0 0 0 0 0 0 0 0 0 0 0
